a <- 10
b <- 20
Escriba a